[gd_scene load_steps=3 format=3 uid="uid://vfw1kx8p3juo"]

[ext_resource type="Texture2D" uid="uid://bnkcvlgmwra07" path="res://assets/trunk.png" id="1_4pruq"]
[ext_resource type="PackedScene" uid="uid://c8bkxqif6pu21" path="res://prefabs/tree_foliage.tscn" id="2_pg8ay"]

[node name="Tree" type="Node3D"]

[node name="Trunk1" type="Sprite3D" parent="."]
transform = Transform3D(1, 0, 0, 0, 1, 0, 0, 0, 1, 0, 1, 0)
pixel_size = 0.0313
shaded = true
alpha_cut = 2
texture_filter = 0
texture = ExtResource("1_4pruq")

[node name="Trunk2" type="Sprite3D" parent="."]
transform = Transform3D(-4.37114e-08, 0, 1, 0, 1, 0, -1, 0, -4.37114e-08, 0, 1, 0)
pixel_size = 0.0313
shaded = true
alpha_cut = 2
texture_filter = 0
texture = ExtResource("1_4pruq")

[node name="Quarter" type="Node3D" parent="."]

[node name="Foliage" parent="Quarter" instance=ExtResource("2_pg8ay")]
transform = Transform3D(-1, 0, -8.74228e-08, 0, 1, 0, 8.74228e-08, 0, -1, 0.5, 1.4, 0)

[node name="Foliage2" parent="Quarter" instance=ExtResource("2_pg8ay")]
transform = Transform3D(1.30635e-07, -0.0871557, -0.996195, 1.14291e-08, 0.996195, -0.0871557, 1, -8.84799e-16, 1.31134e-07, 0.65, 1.3, 0)

[node name="Foliage3" parent="Quarter" instance=ExtResource("2_pg8ay")]
transform = Transform3D(1.26666e-07, -0.258819, -0.965926, 3.394e-08, 0.965926, -0.258819, 1, -8.84799e-16, 1.31134e-07, 0.5, 1.85, 0)

[node name="Foliage4" parent="Quarter" instance=ExtResource("2_pg8ay")]
transform = Transform3D(-0.612589, -0.204571, -0.763468, 4.35183e-08, 0.965926, -0.258819, 0.790401, -0.15855, -0.591716, 0.845355, 1.55, 0.45038)

[node name="Shadow" type="OmniLight3D" parent="Quarter"]
transform = Transform3D(1, 0, 0, 0, 1, 0, 0, 0, 1, 0.35, 0.35, 0)
visible = false
light_color = Color(0.431373, 0.431373, 0.431373, 1)
light_energy = 0.03
light_negative = true
light_specular = 10.0
light_bake_mode = 1
omni_range = 6.0
omni_attenuation = 2.44591

[node name="SpotLight3D" type="SpotLight3D" parent="Quarter"]
transform = Transform3D(1, 0, 0, 0, -4.37114e-08, 1, 0, -1, -4.37114e-08, 0, 3, 0)
light_energy = 0.1
light_negative = true
light_bake_mode = 1
spot_range = 792.21
spot_angle = 41.77

[node name="Quarter2" type="Node3D" parent="."]
transform = Transform3D(-4.37114e-08, 0, 1, 0, 1, 0, -1, 0, -4.37114e-08, 0, 0, 0)

[node name="Foliage" parent="Quarter2" instance=ExtResource("2_pg8ay")]
transform = Transform3D(-1, 0, -8.74228e-08, 0, 1, 0, 8.74228e-08, 0, -1, 0.5, 1.4, 0)

[node name="Foliage2" parent="Quarter2" instance=ExtResource("2_pg8ay")]
transform = Transform3D(1.30635e-07, -0.0871557, -0.996195, 1.14291e-08, 0.996195, -0.0871557, 1, -8.84799e-16, 1.31134e-07, 0.65, 1.3, 0)

[node name="Foliage3" parent="Quarter2" instance=ExtResource("2_pg8ay")]
transform = Transform3D(1.26666e-07, -0.258819, -0.965926, 3.394e-08, 0.965926, -0.258819, 1, -8.84799e-16, 1.31134e-07, 0.5, 1.85, 0)

[node name="Foliage4" parent="Quarter2" instance=ExtResource("2_pg8ay")]
transform = Transform3D(-0.612589, -0.204571, -0.763468, 4.35183e-08, 0.965926, -0.258819, 0.790401, -0.15855, -0.591716, 0.845355, 1.55, 0.45038)

[node name="Shadow" type="OmniLight3D" parent="Quarter2"]
transform = Transform3D(1, 0, 0, 0, 1, 0, 0, 0, 1, 0.35, 0.35, 0)
visible = false
light_color = Color(0.431373, 0.431373, 0.431373, 1)
light_energy = 0.03
light_negative = true
light_specular = 10.0
light_bake_mode = 1
omni_range = 6.0
omni_attenuation = 2.44591

[node name="Quarter3" type="Node3D" parent="."]
transform = Transform3D(-1, 0, -8.74228e-08, 0, 1, 0, 8.74228e-08, 0, -1, 0, 0, 0)

[node name="Foliage" parent="Quarter3" instance=ExtResource("2_pg8ay")]
transform = Transform3D(-1, 0, -8.74228e-08, 0, 1, 0, 8.74228e-08, 0, -1, 0.5, 1.4, 0)

[node name="Foliage2" parent="Quarter3" instance=ExtResource("2_pg8ay")]
transform = Transform3D(1.30635e-07, -0.0871557, -0.996195, 1.14291e-08, 0.996195, -0.0871557, 1, -8.84799e-16, 1.31134e-07, 0.65, 1.3, 0)

[node name="Foliage3" parent="Quarter3" instance=ExtResource("2_pg8ay")]
transform = Transform3D(1.26666e-07, -0.258819, -0.965926, 3.394e-08, 0.965926, -0.258819, 1, -8.84799e-16, 1.31134e-07, 0.5, 1.85, 0)

[node name="Foliage4" parent="Quarter3" instance=ExtResource("2_pg8ay")]
transform = Transform3D(-0.612589, -0.204571, -0.763468, 4.35183e-08, 0.965926, -0.258819, 0.790401, -0.15855, -0.591716, 0.845355, 1.55, 0.45038)

[node name="Shadow" type="OmniLight3D" parent="Quarter3"]
transform = Transform3D(1, 0, 0, 0, 1, 0, 0, 0, 1, 0.35, 0.35, 0)
visible = false
light_color = Color(0.431373, 0.431373, 0.431373, 1)
light_energy = 0.03
light_negative = true
light_specular = 10.0
light_bake_mode = 1
omni_range = 6.0
omni_attenuation = 2.44591

[node name="Quarter4" type="Node3D" parent="."]
transform = Transform3D(-4.37114e-08, 0, -1, 0, 1, 0, 1, 0, -4.37114e-08, 0, 0, 0)

[node name="Foliage" parent="Quarter4" instance=ExtResource("2_pg8ay")]
transform = Transform3D(-1, 0, -8.74228e-08, 0, 1, 0, 8.74228e-08, 0, -1, 0.5, 1.4, 0)

[node name="Foliage2" parent="Quarter4" instance=ExtResource("2_pg8ay")]
transform = Transform3D(1.30635e-07, -0.0871557, -0.996195, 1.14291e-08, 0.996195, -0.0871557, 1, -8.84799e-16, 1.31134e-07, 0.65, 1.3, 0)

[node name="Foliage3" parent="Quarter4" instance=ExtResource("2_pg8ay")]
transform = Transform3D(1.26666e-07, -0.258819, -0.965926, 3.394e-08, 0.965926, -0.258819, 1, -8.84799e-16, 1.31134e-07, 0.5, 1.85, 0)

[node name="Foliage4" parent="Quarter4" instance=ExtResource("2_pg8ay")]
transform = Transform3D(-0.612589, -0.204571, -0.763468, 4.35183e-08, 0.965926, -0.258819, 0.790401, -0.15855, -0.591716, 0.845355, 1.55, 0.45038)

[node name="Shadow" type="OmniLight3D" parent="Quarter4"]
transform = Transform3D(1, 0, 0, 0, 1, 0, 0, 0, 1, 0.35, 0.35, 0)
visible = false
light_color = Color(0.431373, 0.431373, 0.431373, 1)
light_energy = 0.03
light_negative = true
light_specular = 10.0
light_bake_mode = 1
omni_range = 6.0
omni_attenuation = 2.44591
